1.000000
1.000017
1.000041
1.000074
1.000111
1.000151
1.000193
1.000237
1.000283
1.000331
1.000382
1.000434
1.000488
1.000545
1.000603
1.000664
1.000726
1.000791
1.000857
1.000926
1.000996
1.001069
1.001143
1.001220
1.001298
1.001379
1.001461
1.001545
1.001631
1.001718
1.001808
1.001899
1.001993
1.002088
1.002185
1.002283
1.002383
1.002485
1.002589
1.002695
1.002802
1.002911
1.003021
1.003133
1.003247
1.003362
1.003479
1.003598
1.003718
1.003840
1.003963
1.004088
1.004214
1.004342
1.004471
1.004602
1.004734
1.004868
1.005003
1.005140
1.005278
1.005418
1.005558
1.005701
1.005844
1.005990
1.006136
1.006284
1.006433
1.006583
1.006735
1.006888
1.007043
1.007198
1.007355
1.007514
1.007673
1.007834
1.007996
1.008159
1.008323
1.008489
1.008656
1.008824
1.008993
1.009163
1.009335
1.009508
1.009681
1.009856
1.010033
1.010210
1.010388
1.010568
1.010748
1.010930
1.011112
1.011296
1.011481
1.011667
1.011854
1.012042
1.012231
1.012421
1.012612
1.012804
1.012997
1.013191
1.013386
1.013582
1.013779
1.013976
1.014175
1.014375
1.014576
1.014778
1.014980
1.015184
1.015388
1.015593
1.015800
1.016007
1.016215
1.016424
1.016634
1.016844
1.017056
1.017268
1.017481
1.017695
1.017910
1.018126
1.018343
1.018560
1.018778
1.018997
1.019217
1.019438
1.019659
1.019881
1.020104
1.020328
1.020552
1.020778
1.021004
1.021231
1.021458
1.021686
1.021915
1.022145
1.022376
1.022607
1.022839
1.023072
1.023305
1.023539
1.023774
1.024009
1.024246
1.024482
1.024720
1.024958
1.025197
1.025437
1.025677
1.025918
1.026160
1.026402
1.026645
1.026888
1.027132
1.027377
1.027623
1.027869
1.028115
1.028363
1.028611
1.028859
1.029108
1.029358
1.029608
1.029859
1.030111
1.030363
1.030616
1.030869
1.031123
1.031378
1.031633
1.031888
1.032145
1.032401
1.032659
1.032917
1.033175
1.033434
1.033694
1.033954
1.034215
1.034476
1.034737
1.035000
1.035263
1.035526
1.035790
1.036054
1.036319
1.036584
1.036850
1.037117
1.037384
1.037651
1.037919
1.038188
1.038457
1.038726
1.038996
1.039266
1.039537
1.039809
1.040081
1.040353
1.040626
1.040899
1.041173
1.041447
1.041722
1.041997
1.042273
1.042549
1.042826
1.043103
1.043380
1.043658
1.043937
1.044215
1.044495
1.044775
1.045055
1.045335
1.045616
1.045898
1.046180
1.046462
1.046745
1.047028
1.047312
1.047596
1.047881
1.048166
1.048451
1.048737
1.049023
1.049309
1.049596
1.049884
1.050172
1.050460
1.050749
1.051038
1.051327
1.051617
1.051907
1.052198
1.052489
1.052780
1.053072
1.053364
1.053657
1.053950
1.054243
1.054537
1.054831
1.055126
1.055421
1.055716
1.056012
1.056308
1.056604
1.056901
1.057198
1.057495
1.057793
1.058092
1.058390
1.058689
1.058989
1.059288
1.059588
1.059889
1.060190
1.060491
1.060792
1.061094
1.061397
1.061699
1.062002
1.062305
1.062609
1.062913
1.063217
1.063522
1.063827
1.064132
1.064438
1.064744
1.065051
1.065357
1.065664
1.065972
1.066280
1.066588
1.066896
1.067205
1.067514
1.067823
1.068133
1.068443
1.068754
1.069064
1.069375
1.069687
1.069999
1.070311
1.070623
1.070936
1.071249
1.071562
1.071876
1.072190
1.072504
1.072819
1.073134
1.073449
1.073765
1.074080
1.074397
1.074713
1.075030
1.075347
1.075665
1.075982
1.076301
1.076619
1.076938
1.077257
1.077576
1.077896
1.078216
1.078536
1.078856
1.079177
1.079498
1.079820
1.080142
1.080464
1.080786
1.081109
1.081432
1.081755
1.082079
1.082403
1.082727
1.083051
1.083376
1.083701
1.084026
1.084352
1.084678
1.085004
1.085331
1.085658
1.085985
1.086312
1.086640
1.086968
1.087296
1.087625
1.087954
1.088283
1.088613
1.088942
1.089272
1.089603
1.089933
1.090264
1.090596
1.090927
1.091259
1.091591
1.091923
1.092256
1.092589
1.092922
1.093256
1.093589
1.093924
1.094258
1.094593
1.094928
1.095263
1.095598
1.095934
1.096270
1.096606
1.096943
1.097280
1.097617
1.097955
1.098292
1.098630
1.098969
1.099307
1.099645
1.099984
1.100323
1.100663
1.101002
1.101342
1.101682
1.102023
1.102364
1.102705
1.103046
1.103387
1.103729
1.104071
1.104414
1.104757
1.105100
1.105443
1.105786
1.106130
1.106474
1.106819
1.107163
1.107508
1.107853
1.108199
1.108545
1.108891
1.109237
1.109584
1.109930
1.110277
1.110625
1.110973
1.111321
1.111669
1.112017
1.112366
1.112715
1.113064
1.113414
1.113764
1.114114
1.114464
1.114815
1.115166
1.115517
1.115869
1.116221
1.116573
1.116925
1.117278
1.117631
1.117984
1.118337
1.118691
1.119045
1.119400
1.119754
1.120109
1.120464
1.120820
1.121176
1.121532
1.121888
1.122244
1.122601
1.122958
1.123316
1.123673
1.124031
1.124389
1.124748
1.125107
1.125466
1.125825
1.126184
1.126544
1.126863
1.127173
1.127482
1.127792
1.128103
1.128414
1.128725
1.129037
1.129350
1.129663
1.129977
1.130292
1.130607
1.130922
1.131238
1.131555
1.131873
1.132191
1.132509
1.132829
1.133148
1.133469
1.133790
1.134112
1.134434
1.134757
1.135080
1.135404
1.135728
1.136054
1.136379
1.136705
1.137032
1.137360
1.137688
1.138016
1.138345
1.138675
1.139005
1.139336
1.139667
1.139999
1.140331
1.140664
1.140998
1.141332
1.141666
1.142001
1.142337
1.142673
1.143010
1.143347
1.143684
1.144023
1.144361
1.144701
1.145040
1.145381
1.145722
1.146063
1.146405
1.146747
1.147090
1.147433
1.147777
1.148122
1.148466
1.148812
1.149158
1.149504
1.149851
1.150198
1.150546
1.150894
1.151243
1.151592
1.151942
1.152292
1.152643
1.152994
1.153346
1.153698
1.154050
1.154404
1.154757
1.155111
1.155466
1.155821
1.156176
1.156532
1.156888
1.157245
1.157602
1.157960
1.158318
1.158677
1.159036
1.159395
1.159755
1.160116
1.160476
1.160838
1.161200
1.161562
1.161924
1.162287
1.162651
1.163015
1.163379
1.163744
1.164110
1.164475
1.164841
1.165208
1.165575
1.165942
1.166310
1.166679
1.167047
1.167416
1.167786
1.168156
1.168526
1.168897
1.169269
1.169640
1.170012
1.170385
1.170758
1.171131
1.171505
1.171879
1.172254
1.172629
1.173004
1.173380
1.173756
1.174133
1.174510
1.174888
1.175266
1.175644
1.176023
1.176402
1.176781
1.177161
1.177541
1.177922
1.178303
1.178685
1.179067
1.179449
1.179832
1.180215
1.180598
1.180982
1.181367
1.181751
1.182136
1.182522
1.182908
1.183294
1.183681
1.184068
1.184455
1.184843
1.185231
1.185620
1.186009
1.186398
1.186788
1.187178
1.187569
1.187960
1.188351
1.188743
1.189135
1.189527
1.189920
1.190313
1.190707
1.191101
1.191495
1.191890
1.192285
1.192681
1.193077
1.193473
1.193870
1.194267
1.194664
1.195062
1.195460
1.195859
1.196258
1.196657
1.197057
1.197457
1.197857
1.198258
1.198659
1.199061
1.199462
1.199865
1.200267
1.200670
1.201074
1.201478
1.201882
1.202286
1.202691
1.203096
1.203502
1.203908
1.204314
1.204721
1.205128
1.205536
1.205944
1.206352
1.206760
1.207169
1.207579
1.207988
1.208398
1.208809
1.209219
1.209631
1.210042
1.210454
1.210866
1.211279
1.211692
1.212105
1.212519
1.212933
1.213347
1.213762
1.214177
1.214593
1.215008
1.215425
1.215841
1.216258
1.216676
1.217093
1.217511
1.217930
1.218348
1.218768
1.219187
1.219607
1.220027
1.220448
1.220869
1.221290
1.221712
1.222134
1.222556
1.222979
1.223402
1.223825
1.224249
1.224673
1.225098
1.225523
1.225948
1.226374
1.226799
1.227226
1.227653
1.228080
1.228507
1.228935
1.229363
1.229791
1.230220
1.230649
1.231079
1.231509
1.231939
1.232370
1.232801
1.233232
1.233664
1.234096
1.234529
1.234961
1.235395
1.235828
1.236262
1.236696
1.237131
1.237566
1.238001
1.238437
1.238873
1.239309
1.239746
1.240183
1.240621
1.241059
1.241497
1.241935
1.242374
1.242813
1.243252
1.243692
1.244132
1.244573
1.245013
1.245455
1.245896
1.246338
1.246781
1.247223
1.247666
1.248110
1.248553
1.248998
1.249442
1.249887
1.250332
1.250778
1.251224
1.251670
1.252117
1.252564
1.253011
1.253459
1.253907
1.254355
1.254804
1.255254
1.255703
1.256153
1.256603
1.257054
1.257505
1.257957
1.258408
1.258860
1.259313
1.259766
1.260219
1.260673
1.261127
1.261581
1.262036
1.262491
1.262946
1.263402
1.263858
1.264314
1.264771
1.265229
1.265686
1.266144
1.266603
1.267061
1.267520
1.267980
1.268440
1.268900
1.269360
1.269821
1.270283
1.270744
1.271206
1.271669
1.272132
1.272595
1.273058
1.273522
1.273986
1.274451
1.274916
1.275381
1.275847
1.276313
1.276780
1.277247
1.277714
1.278181
1.278649
1.279118
1.279586
1.280055
1.280525
1.280995
1.281465
1.281936
1.282407
1.282878
1.283350
1.283822
1.284294
1.284767
1.285240
1.285714
1.286188
1.286662
1.287137
1.287612
1.288087
1.288563
1.289039
1.289516
1.289993
1.290470
1.290948
1.291426
1.291905
1.292383
1.292863
1.293342
1.293822
1.294303
1.294784
1.295265
1.295746
1.296228
1.296710
1.297193
1.297676
1.298160
1.298643
1.299128
1.299612
1.300097
1.300583
1.301068
1.301554
1.302041
1.302528
1.303015
1.303503
1.303991
1.304479
1.304968
1.305457
1.305947
1.306437
1.306927
1.307418
1.307909
1.308401
1.308893
1.309385
1.309878
1.310371
1.310864
1.311358
1.311853
1.312347
1.312842
1.313338
1.313834
1.314330
1.314826
1.315324
1.315821
1.316319
1.316817
1.317316
1.317815
1.318314
1.318814
1.319314
1.319814
1.320315
1.320817
1.321319
1.321821
1.322323
1.322826
1.323330
1.323833
1.324338
1.324842
1.325347
1.325852
1.326358
1.326864
1.327371
1.327878
1.328385
1.328893
1.329401
1.329910
1.330419
1.330928
1.331438
1.331948
1.332459
1.332970
1.333481
1.333993
1.334505
1.335018
1.335531
1.336044
1.336558
1.337073
1.337587
1.338102
1.338618
1.339134
1.339650
1.340167
1.340684
1.341201
1.341719
1.342238
1.342757
1.343276
1.343795
1.344315
1.344836
1.345357
1.345878
1.346400
1.346922
1.347444
1.347967
1.348491
1.349014
1.349539
1.350063
1.350588
1.351114
1.351640
1.352166
1.352693
1.353220
1.353747
1.354275
1.354804
1.355332
1.355862
1.356391
1.356921
1.357452
1.357983
1.358514
1.359046
1.359578
1.360111
1.360644
1.361177
1.361711
1.362246
1.362781
1.363316
1.363851
1.364387
1.364924
1.365461
1.365998
1.366536
1.367074
1.367613
1.368152
1.368692
1.369231
1.369772
1.370313
1.370854
1.371396
1.371938
1.372480
1.373023
1.373567
1.374111
1.374655
1.375200
1.375745
1.376291
1.376837
1.377383
1.377930
1.378478
1.379025
1.379574
1.380122
1.380672
1.381221
1.381771
1.382322
1.382873
1.383424
1.383976
1.384528
1.385081
1.385634
1.386188
1.386742
1.387296
1.387851
1.388407
1.388963
1.389519
1.390076
1.390633
1.391191
1.391749
1.392308
1.392867
1.393426
1.393986
1.394546
1.395107
1.395669
1.396230
1.396793
1.397355
1.397919
1.398482
1.399046
1.399611
1.400176
1.400741
1.401307
1.401873
1.402440
1.403008
1.403575
1.404144
1.404712
1.405281
1.405851
1.406421
1.406992
1.407563
1.408134
1.408706
1.409279
1.409852
1.410425
1.410999
1.411573
1.412148
1.412723
1.413299
1.413875
1.414452
1.415029
1.415606
1.416185
1.416763
1.417342
1.417922
1.418502
1.419082
1.419663
1.420245
1.420826
1.421409
1.421992
1.422575
1.423159
1.423743
1.424328
1.424913
1.425499
1.426085
1.426672
1.427259
1.427847
1.428435
1.429024
1.429613
1.430203
1.430793
1.431383
1.431974
1.432566
1.433158
1.433751
1.434344
1.434937
1.435531
1.436126
1.436721
1.437317
1.437913
1.438509
1.439106
1.439704
1.440302
1.440900
1.441499
1.442099
1.442699
1.443299
1.443900
1.444502
1.445104
1.445706
1.446309
1.446913
1.447517
1.448122
1.448727
1.449332
1.449938
1.450545
1.451152
1.451759
1.452367
1.452976
1.453585
1.454195
1.454805
1.455416
1.456027
1.456638
1.457251
1.457863
1.458476
1.459090
1.459704
1.460319
1.460934
1.461550
1.462167
1.462783
1.463401
1.464019
1.464637
1.465256
1.465875
1.466495
1.467116
1.467737
1.468358
1.468980
1.469603
1.470226
1.470850
1.471474
1.472098
1.472724
1.473349
1.473976
1.474603
1.475230
1.475858
1.476486
1.477115
1.477745
1.478375
1.479005
1.479636
1.480268
1.480900
1.481533
1.482166
1.482800
1.483434
1.484069
1.484704
1.485340
1.485976
1.486613
1.487251
1.487889
1.488528
1.489167
1.489807
1.490447
1.491088
1.491729
1.492371
1.493014
1.493657
1.494300
1.494944
1.495589
1.496234
1.496880
1.497526
1.498173
1.498821
1.499469
1.500117
1.500766
1.501416
1.502066
1.502717
1.503368
1.504020
1.504673
1.505326
1.505979
1.506633
1.507288
1.507943
1.508599
1.509256
1.509913
1.510570
1.511228
1.511887
1.512546
1.513206
1.513867
1.514528
1.515189
1.515851
1.516514
1.517177
1.517841
1.518505
1.519170
1.519836
1.520502
1.521169
1.521836
1.522504
1.523173
1.523842
1.524511
1.525181
1.525852
1.526524
1.527196
1.527868
1.528541
1.529215
1.529889
1.530564
1.531240
1.531916
1.532592
1.533270
1.533948
1.534626
1.535305
1.535985
1.536665
1.537346
1.538027
1.538709
1.539392
1.540075
1.540759
1.541443
1.542128
1.542814
1.543500
1.544187
1.544874
1.545562
1.546251
1.546940
1.547630
1.548321
1.549012
1.549703
1.550396
1.551089
1.551782
1.552476
1.553171
1.553866
1.554562
1.555259
1.555956
1.556654
1.557352
1.558051
1.558751
1.559451
1.560152
1.560854
1.561556
1.562259
1.562962
1.563666
1.564371
1.565076
1.565782
1.566488
1.567196
1.567903
1.568612
1.569321
1.570031
1.570741
1.571452
1.572163
1.572876
1.573589
1.574302
1.575016
1.575731
1.576446
1.577162
1.577879
1.578596
1.579314
1.580033
1.580752
1.581472
1.582193
1.582914
1.583636
1.584358
1.585081
1.585805
1.586530
1.587255
1.587980
1.588707
1.589434
1.590162
1.590890
1.591619
1.592349
1.593079
1.593810
1.594542
1.595274
1.596007
1.596740
1.597475
1.598210
1.598945
1.599682
1.600419
1.601156
1.601894
1.602633
1.603373
1.604113
1.604854
1.605596
1.606338
1.607081
1.607825
1.608569
1.609314
1.610060
1.610806
1.611553
1.612301
1.613050
1.613799
1.614548
1.615299
1.616050
1.616802
1.617554
1.618308
1.619062
1.619816
1.620571
1.621327
1.622084
1.622841
1.623599
1.624358
1.625118
1.625878
1.626639
1.627400
1.628162
1.628925
1.629689
1.630453
1.631218
1.631984
1.632750
1.633517
1.634285
1.635054
1.635823
1.636593
1.637364
1.638135
1.638907
1.639680
1.640454
1.641228
1.642003
1.642779
1.643555
1.644332
1.645110
1.645888
1.646668
1.647448
1.648228
1.649010
1.649792
1.650575
1.651358
1.652143
1.652928
1.653714
1.654500
1.655288
1.656076
1.656864
1.657654
1.658444
1.659235
1.660027
1.660819
1.661612
1.662406
1.663201
1.663996
1.664792
1.665589
1.666387
1.667185
1.667984
1.668784
1.669584
1.670386
1.671188
1.671991
1.672794
1.673599
1.674404
1.675210
1.676016
1.676824
1.677632
1.678441
1.679250
1.680061
1.680872
1.681684
1.682497
1.683310
1.684125
1.684940
1.685755
1.686572
1.687389
1.688207
1.689026
1.689846
1.690666
1.691488
1.692310
1.693132
1.693956
1.694780
1.695605
1.696431
1.697258
1.698085
1.698914
1.699743
1.700572
1.701403
1.702234
1.703067
1.703900
1.704733
1.705568
1.706403
1.707239
1.708076
1.708914
1.709753
1.710592
1.711432
1.712273
1.713115
1.713957
1.714801
1.715645
1.716490
1.717336
1.718182
1.719030
1.719878
1.720727
1.721577
1.722428
1.723279
1.724132
1.724985
1.725839
1.726693
1.727549
1.728405
1.729263
1.730121
1.730980
1.731839
1.732700
1.733561
1.734424
1.735287
1.736151
1.737015
1.737881
1.738747
1.739615
1.740483
1.741352
1.742221
1.743092
1.743963
1.744836
1.745709
1.746583
1.747458
1.748333
1.749210
1.750087
1.750966
1.751845
1.752725
1.753605
1.754487
1.755370
1.756253
1.757137
1.758022
1.758908
1.759797
1.760686
1.761576
1.762467
1.763359
1.764252
1.765146
1.766041
1.766936
1.767832
1.768729
1.769628
1.770526
1.771426
1.772327
1.773228
1.774131
1.775034
1.775938
1.776843
1.777749
1.778656
1.779564
1.780473
1.781382
1.782292
1.783204
1.784116
1.785029
1.785943
1.786858
1.787774
1.788690
1.789608
1.790526
1.791446
1.792366
1.793287
1.794209
1.795132
1.796056
1.796981
1.797906
1.798833
1.799761
1.800689
1.801618
1.802549
1.803480
1.804412
1.805345
1.806279
1.807214
1.808150
1.809087
1.810024
1.810963
1.811903
1.812843
1.813785
1.814727
1.815670
1.816614
1.817560
1.818506
1.819453
1.820401
1.821350
1.822300
1.823251
1.824202
1.825155
1.826109
1.827063
1.828019
1.828976
1.829933
1.830892
1.831851
1.832812
1.833773
1.834735
1.835699
1.836663
1.837628
1.838594
1.839562
1.840530
1.841499
1.842469
1.843440
1.844412
1.845385
1.846359
1.847334
1.848310
1.849287
1.850265
1.851244
1.852224
1.853205
1.854187
1.855170
1.856154
1.857139
1.858125
1.859112
1.860100
1.861089
1.862079
1.863070
1.864062
1.865055
1.866049
1.867044
1.868040
1.869037
1.870035
1.871034
1.872034
1.873035
1.874037
1.875040
1.876044
1.877050
1.878056
1.879063
1.880071
1.881081
1.882091
1.883103
1.884115
1.885128
1.886143
1.887159
1.888175
1.889193
1.890212
1.891231
1.892252
1.893274
1.894297
1.895321
1.896346
1.897372
1.898399
1.899427
1.900457
1.901487
1.902518
1.903551
1.904584
1.905619
1.906655
1.907691
1.908729
1.909768
1.910808
1.911849
1.912891
1.913935
1.914979
1.916024
1.917071
1.918119
1.919167
1.920217
1.921268
1.922320
1.923373
1.924427
1.925482
1.926539
1.927596
1.928655
1.929714
1.930775
1.931837
1.932900
1.933964
1.935030
1.936096
1.937164
1.938232
1.939302
1.940373
1.941445
1.942518
1.943592
1.944668
1.945744
1.946822
1.947900
1.948980
1.950061
1.951144
1.952227
1.953312
1.954397
1.955484
1.956572
1.957661
1.958751
1.959843
1.960935
1.962029
1.963124
1.964220
1.965317
1.966416
1.967515
1.968616
1.969718
1.970821
1.971925
1.973030
1.974137
1.975245
1.976354
1.977464
1.978575
1.979688
1.980801
1.981916
1.983032
1.984150
1.985268
1.986388
1.987509
1.988631
1.989754
1.990879
1.992004
1.993131
1.994259
1.995389
1.996519
1.997651
1.998784
1.999918
2.001053
2.002190
2.003328
2.004467
2.005607
2.006749
2.007892
2.009036
2.010181
2.011328
2.012475
2.013624
2.014775
2.015926
2.017079
2.018233
2.019388
2.020544
2.021702
2.022861
2.024021
2.025183
2.026346
2.027510
2.028675
2.029842
2.031010
2.032179
2.033349
2.034521
2.035694
2.036868
2.038044
2.039220
2.040399
2.041578
2.042759
2.043941
2.045124
2.046308
2.047494
2.048681
2.049870
2.051060
2.052251
2.053443
2.054637
2.055832
2.057028
2.058226
2.059425
2.060625
2.061827
2.063030
2.064234
2.065440
2.066647
2.067855
2.069065
2.070275
2.071488
2.072701
2.073916
2.075133
2.076350
2.077569
2.078790
2.080011
2.081235
2.082459
2.083685
2.084912
2.086141
2.087370
2.088602
2.089834
2.091068
2.092304
2.093541
2.094779
2.096018
2.097259
2.098501
2.099745
2.100990
2.102237
2.103485
2.104734
2.105985
2.107237
2.108490
2.109745
2.111001
2.112259
2.113518
2.114779
2.116041
2.117304
2.118569
2.119835
2.121103
2.122372
2.123642
2.124914
2.126188
2.127462
2.128739
2.130016
2.131295
2.132576
2.133858
2.135142
2.136426
2.137713
2.139001
2.140290
2.141581
2.142873
2.144167
2.145462
2.146759
2.148057
2.149356
2.150658
2.151960
2.153264
2.154570
2.155877
2.157185
2.158495
2.159807
2.161120
2.162434
2.163750
2.165068
2.166387
2.167707
2.169030
2.170353
2.171678
2.173005
2.174333
2.175663
2.153829
2.133664
2.114897
2.097171
2.080241
2.063942
2.048158
2.032805
2.017821
2.003161
1.988788
1.974676
1.960801
1.947147
1.933699
1.920445
1.907375
1.894480
1.881754
1.869190
1.856784
1.844530
1.832424
1.820463
1.808644
1.796963
1.785418
1.774007
1.762727
1.751576
1.740552
1.729653
1.718878
1.708224
1.697691
1.687276
1.676979
1.666796
1.656729
1.646774
1.636930
1.627197
1.617572
1.608055
1.598645
1.589339
1.580138
1.571039
1.562042
1.553145
1.544348
1.535649
1.527046
1.518540
1.510129
1.501812
1.493587
1.485454
1.477412
1.469459
1.461595
1.453819
1.446130
1.438526
1.431007
1.423572
1.416220
1.408950
1.401761
1.394652
1.387622
1.380671
1.373797
1.367000
1.360278
1.353632
1.347060
1.340560
1.334134
1.327779
1.321494
1.315280
1.309135
1.303059
1.297050
1.291108
1.285232
1.279422
1.273677
1.267995
1.262377
1.256821
1.251328
1.245895
1.240523
1.235211
1.229958
1.224763
1.219626
1.214547
1.209524
1.204557
1.199645
1.194788
1.189984
1.185235
1.180538
1.175893
1.171300
1.166758
1.162267
1.157825
1.153433
1.149090
1.144795
1.140548
1.136348
1.132194
1.128087
1.124025
1.120009
1.116037
1.112109
1.108225
1.104384
1.100586
1.096829
1.093115
1.089441
1.085809
1.082216
1.078664
1.075151
1.071676
1.068241
1.064843
1.061483
1.058161
1.054875
1.051625
1.048411
1.045233
1.042091
1.038983
1.035909
1.032869
1.029863
1.026890
1.023951
1.021043
1.018168
1.015324
1.012512
1.009731
1.006980
1.004260
1.001570
0.998910
0.996279
0.993677
0.991104
0.988559
0.986042
0.983552
0.981091
0.978656
0.976248
0.973866
0.971511
0.969182
0.966878
0.964600
0.962346
0.960118
0.957913
0.955733
0.953577
0.951445
0.949336
0.947250
0.945187
0.943146
0.941128
0.939132
0.937157
0.935205
0.933273
0.931363
0.929474
0.927605
0.925757
0.923929
0.922120
0.920332
0.918563
0.916813
0.915082
0.913370
0.911677
0.910002
0.908346
0.906707
0.905086
0.903483
0.901897
0.900328
0.898776
0.897242
0.895723
0.894221
0.892736
0.891266
0.889812
0.888374
0.886952
0.885545
0.884153
0.882776
0.881414
0.880066
0.878733
0.877414
0.876110
0.874819
0.873543
0.872280
0.871030
0.869794
0.868571
0.867361
0.866164
0.864980
0.863809
0.862650
0.861503
0.860369
0.859247
0.858136
0.857037
0.855950
0.854875
0.853811
0.852758
0.851717
0.850686
0.849666
0.848657
0.847659
0.846671
0.845694
0.844727
0.843770
0.842823
0.841886
0.840959
0.840041
0.839133
0.838235
0.837346
0.836466
0.835596
0.834735
0.833882
0.833038
0.832204
0.831377
0.830560
0.829751
0.828950
0.828157
0.827373
0.826597
0.825828
0.825068
0.824315
0.823571
0.822833
0.822104
0.821381
0.820667
0.819959
0.819259
0.818566
0.817879
0.817200
0.816528
0.815862
0.815204
0.814552
0.813906
0.813267
0.812634
0.812008
0.811388
0.810774
0.810167
0.809565
0.808970
0.808380
0.807796
0.807218
0.806646
0.806079
0.805518
0.804963
0.804413
0.803868
0.803329
0.802795
0.802266
0.801743
0.801225
0.800711
0.800203
0.799699
0.799201
0.798707
0.798218
0.797734
0.797254
0.796779
0.796309
0.795843
0.795381
0.794924
0.794471
0.794023
0.793578
0.793138
0.792703
0.792271
0.791843
0.791419
0.791000
0.790584
0.790172
0.789764
0.789359
0.788959
0.788562
0.788169
0.787779
0.787393
0.787011
0.786632
0.786256
0.785884
0.785515
0.785150
0.784788
0.784429
0.784073
0.783721
0.783371
0.783025
0.782682
0.782342
0.782005
0.781671
0.781340
0.781011
0.780686
0.780363
0.780044
0.779727
0.779412
0.779101
0.778792
0.778486
0.778182
0.777881
0.777583
0.777287
0.776994
0.776703
0.776414
0.776128
0.775845
0.775563
0.775284
0.775008
0.774733
0.774461
0.774191
0.773924
0.773658
0.773395
0.773133
0.772874
0.772617
0.772362
0.772109
0.771858
0.771609
0.771362
0.771117
0.770874
0.770633
0.770393
0.770156
0.769920
0.769686
0.769454
0.769224
0.768995
0.768768
0.768543
0.768320
0.768098
0.767878
0.767659
0.767442
0.767227
0.767013
0.766801
0.766591
0.766382
0.766174
0.765968
0.765763
0.765560
0.765358
0.765158
0.764959
0.764761
0.764565
0.764371
0.764177
0.763985
0.763794
0.763605
0.763416
0.763229
0.763044
0.762859
0.762676
0.762494
0.762313
0.762133
0.761955
0.761777
0.761601
0.761426
0.761252
0.761079
0.760908
0.760737
0.760567
0.760399
0.760231
0.760065
0.759899
0.759735
0.759571
0.759409
0.759247
0.759087
0.758927
0.758768
0.758610
0.758454
0.758298
0.758143
0.757988
0.757835
0.757683
0.757531
0.757381
0.757231
0.757082
0.756933
0.756786
0.756639
0.756494
0.756348
0.756204
0.756061
0.755918
0.755776
0.755635
0.755494
0.755354
0.755215
0.755077
0.754939
0.754802
0.754666
0.754530
0.754395
0.754261
0.754127
0.753994
0.753862
0.753730
0.753599
0.753468
0.753338
0.753209
0.753080
0.752952
0.752824
0.752697
0.752571
0.752445
0.752320
0.752195
0.752071
0.751947
0.751824
0.751701
0.751579
0.751457
0.751336
0.751216
0.751095
0.750976
0.750857
0.750738
0.750620
0.750502
0.750385
0.750268
0.750152
0.750036
0.749920
0.749805
0.749691
0.749576
0.749463
0.749349
0.749236
0.749124
0.749012
0.748900
0.748789
0.748678
0.748567
0.748457
0.748347
0.748238
0.748129
0.748020
0.747912
0.747804
0.747696
0.747589
0.747482
0.747375
0.747269
0.747163
0.747058
0.746952
0.746847
0.746743
0.746639
0.746535
0.746431
0.746328
0.746224
0.746122
0.746019
0.745917
0.745815
0.745713
0.745612
0.745511
0.745410
0.745310
0.745209
0.745109
0.745010
0.744910
0.744811
0.744712
0.744613
0.744515
0.744417
0.744319
0.744221
0.744124
0.744026
0.743929
0.743833
0.743736
0.743640
0.743544
0.743448
0.743352
0.743257
0.743162
0.743067
0.742972
0.742877
0.742783
0.742689
0.742595
0.742501
0.742407
0.742314
0.742221
0.742127
0.742035
0.741942
0.741850
0.741757
0.741665
0.741573
0.741481
0.741390
0.741298
0.741207
0.741116
0.741025
0.740935
0.740844
0.740754
0.740663
0.740573
0.740483
0.740393
0.740304
0.740214
0.740125
0.740036
0.739947
0.739858
0.739769
0.739681
0.739592
0.739504
0.739416
0.739328
0.739240
0.739152
0.739064
0.738977
0.738889
0.738802
0.738715
0.738628
0.738541
0.738454
0.738368
0.738281
0.738195
0.738108
0.738022
0.737936
0.737850
0.737764
0.737679
0.737593
0.737508
0.737422
0.737337
0.737252
0.737167
0.737082
0.736997
0.736912
0.736827
0.736743
0.736658
0.736574
0.736490
0.736406
0.736321
0.736238
0.736154
0.736070
0.735986
0.735903
0.735819
0.735736
0.735652
0.735569
0.735486
0.735403
0.735320
0.735237
0.735154
0.735071
0.734989
0.734906
0.734824
0.734741
0.734659
0.734576
0.734494
0.734412
0.734330
0.734248
0.734166
0.734084
0.734003
0.733921
0.733839
0.733758
0.733676
0.733595
0.733514
0.733433
0.733351
0.733270
0.733189
0.733108
0.733027
0.732946
0.732866
0.732785
0.732704
0.732624
0.732543
0.732463
0.732382
0.732302
0.732222
0.732141
0.732061
0.731981
0.731901
0.731821
0.731741
0.731661
0.731581
0.731501
0.731422
0.731342
0.731262
0.731183
0.731103
0.731024
0.730944
0.730865
0.730786
0.730707
0.730627
0.730548
0.730469
0.730390
0.730311
0.730232
0.730153
0.730074
0.729995
0.729917
0.729838
0.729759
0.729681
0.729602
0.729524
0.729445
0.729367
0.729288
0.729210
0.729131
0.729053
0.728975
0.728897
0.728819
0.728741
0.728662
0.728584
0.728506
0.728429
0.728351
0.728273
0.728195
0.728117
0.728039
0.727962
0.727884
0.727806
0.727729
0.727651
0.727574
0.727496
0.727419
0.727341
0.727264
0.727187
0.727109
0.727032
0.726955
0.726878
0.726801
0.726723
0.726646
0.726569
0.726492
0.726415
0.726338
0.726261
0.726185
0.726108
0.726031
0.725954
0.725877
0.725801
0.725724
0.725647
0.725571
0.725494
0.725418
0.725341
0.725264
0.725188
0.725112
0.725035
0.724959
0.724882
0.724806
0.724730
0.724654
0.724577
0.724501
0.724425
0.724349
0.724273
0.724197
0.724121
0.724045
0.723969
0.723893
0.723817
0.723741
0.723665
0.723589
0.723513
0.723437
0.723362
0.723286
0.723210
0.723134
0.723059
0.722983
0.722907
0.722832
0.722756
0.722681
0.722605
0.722530
0.722454
0.722379
0.722303
0.722228
0.722153
0.722077
0.722002
0.721927
0.721851
0.721776
0.721701
0.721626
0.721551
0.721475
0.721400
0.721325
0.721250
0.721175
0.721100
0.721025
0.720950
0.720875
0.720800
0.720725
0.720650
0.720576
0.720501
0.720426
0.720351
0.720276
0.720202
0.720127
0.720052
0.719977
0.719903
0.719828
0.719753
0.719679
0.719604
0.719530
0.719455
0.719381
0.719306
0.719232
0.719157
0.719083
0.719008
0.718934
0.718860
0.718785
0.718711
0.718637
0.718562
0.718488
0.718414
0.718340
0.718266
0.718191
0.718117
0.718043
0.717969
0.717895
0.717821
0.717747
0.717673
0.717599
0.717525
0.717451
0.717377
0.717303
0.717229
0.717155
0.717081
0.717007
0.716933
0.716860
0.716786
0.716712
0.716638
0.716564
0.716491
0.716417
0.716343
0.716270
0.716196
0.716122
0.716049
0.715975
0.715902
0.715828
0.715755
0.715681
0.715608
0.715534
0.715461
0.715387
0.715314
0.715240
0.715167
0.715094
0.715020
0.714947
0.714874
0.714800
0.714727
0.714654
0.714581
0.714507
0.714434
0.714361
0.714288
0.714215
0.714141
0.714068
0.713995
0.713922
0.713849
0.713776
0.713703
0.713630
0.713557
0.713484
0.713411
0.713338
0.713265
0.713192
0.713119
0.713047
0.712974
0.712901
0.712828
0.712755
0.712683
0.712610
0.712537
0.712464
0.712392
0.712319
0.712246
0.712174
0.712101
0.712028
0.711956
0.711883
0.711810
0.711738
0.711665
0.711593
0.711520
0.711448
0.711375
0.711303
0.711230
0.711158
0.711086
0.711013
0.710941
0.710868
0.710796
0.710724
0.710652
0.710579
0.710507
0.710435
0.710362
0.710290
0.710218
0.710146
0.710074
0.710001
0.709929
0.709857
0.709785
0.709713
0.709641
0.709569
0.709497
0.709425
0.709353
0.709281
0.709209
0.709137
0.709065
0.708993
0.708921
0.708849
0.708777
0.708705
0.708633
0.708562
0.708490
0.708418
0.708346
0.708274
0.708203
0.708131
0.708059
0.707988
0.707916
0.707844
0.707772
0.707701
0.707629
0.707558
0.707486
0.707414
0.707343
0.707271
0.707200
0.707128
0.707057
0.706985
0.706914
0.706842
0.706771
0.706699
0.706628
0.706557
0.706485
0.706414
0.706343
0.706271
0.706200
0.706129
0.706057
0.705986
0.705915
0.705844
0.705772
0.705701
0.705630
0.705559
0.705488
0.705416
0.705345
0.705274
0.705203
0.705132
0.705061
0.704990
0.704919
0.704848
0.704777
0.704706
0.704635
0.704564
0.704493
0.704422
0.704351
0.704280
0.704209
0.704138
0.704068
0.703997
0.703926
0.703855
0.703784
0.703714
0.703643
0.703572
0.703501
0.703431
0.703360
0.703289
0.703219
0.703148
0.703077
0.703007
0.702936
0.702865
0.702795
0.702724
0.702654
0.702583
0.702513
0.702442
0.702372
0.702301
0.702231
0.702160
0.702090
0.702019
0.701949
0.701879
0.701808
0.701738
0.701668
0.701597
0.701527
0.701457
0.701386
0.701316
0.701246
0.701176
0.701105
0.701035
0.700965
0.700895
0.700825
0.700754
0.700684
0.700614
0.700544
0.700474
0.700404
0.700334
0.700264
0.700194
0.700124
0.700054
0.699984
0.699914
0.699844
0.699774
0.699704
0.699634
0.699564
0.699494
0.699424
0.699355
0.699285
0.699215
0.699145
0.699075
0.699005
0.698936
0.698866
0.698796
0.698726
0.698657
0.698587
0.698517
0.698448
0.698378
0.698308
0.698239
0.698169
0.698100
0.698030
0.697961
0.697891
0.697821
0.697752
0.697682
0.697613
0.697543
0.697474
0.697405
0.697335
0.697266
0.697196
0.697127
0.697058
0.696988
0.696919
0.696849
0.696780
0.696711
0.696642
0.696572
0.696503
0.696434
0.696365
0.696295
0.696226
0.696157
0.696088
0.696019
0.695950
0.695880
0.695811
0.695742
0.695673
0.695604
0.695535
0.695466
0.695397
0.695328
0.695259
0.695190
0.695121
0.695052
0.694983
0.694914
0.694845
0.694776
0.694707
0.694639
0.694570
0.694501
0.694432
0.694363
0.694294
0.694226
0.694157
0.694088
0.694019
0.693951
0.693882
0.693813
0.693744
0.693676
0.693607
0.693539
0.693470
0.693401
0.693333
0.693264
0.693196
0.693127
0.693058
0.692990
0.692921
0.692853
0.692784
0.692716
0.692647
0.692579
0.692511
0.692442
0.692374
0.692305
0.692237
0.692169
0.692100
0.692032
0.691964
0.691895
0.691827
0.691759
0.691690
0.691622
0.691554
0.691486
0.691418
0.691349
0.691281
0.691213
0.691145
0.691077
0.691009
0.690941
0.690872
0.690804
0.690736
0.690668
0.690600
0.690532
0.690464
0.690396
0.690328
0.690260
0.690192
0.690124
0.690056
0.689988
0.689921
0.689853
0.689785
0.689717
0.689649
0.689581
0.689514
0.689446
0.689378
0.689310
0.689242
0.689175
0.689107
0.689039
0.688971
0.688904
0.688836
0.688768
0.688701
0.688633
0.688566
0.688498
0.688430
0.688363
0.688295
0.688228
0.688160
0.688093
0.688025
0.687958
0.687890
0.687823
0.687755
0.687688
0.687620
0.687553
0.687485
0.687418
0.687351
0.687283
0.687216
0.687149
0.687081
0.687014
0.686947
0.686879
0.686812
0.686745
0.686678
0.686611
0.686543
0.686476
0.686409
0.686342
0.686275
0.686207
0.686140
0.686073
0.686006
0.685939
0.685872
0.685805
0.685738
0.685671
0.685604
0.685537
0.685470
0.685403
0.685336
0.685269
0.685202
0.685135
0.685068
0.685001
0.684934
0.684868
0.684801
0.684734
0.684667
0.684600
0.684533
0.684467
0.684400
0.684333
0.684266
0.684200
0.684133
0.684066
0.684000
0.683933
0.683866
0.683800
0.683733
0.683666
0.683600
0.683533
0.683466
0.683400
0.683333
0.683267
0.683200
0.683134
0.683067
0.683001
0.682934
0.682868
0.682801
0.682735
0.682669
0.682602
0.682536
0.682469
0.682403
0.682337
0.682270
0.682204
0.682138
0.682071
0.682005
0.681939
0.681872
0.681806
0.681740
0.681674
0.681608
0.681541
0.681475
0.681409
0.681343
0.681277
0.681211
0.681145
0.681078
0.681012
0.680946
0.680880
0.680814
0.680748
0.680682
0.680616
0.680550
0.680484
0.680418
0.680352
0.680286
0.680220
0.680154
0.680088
0.680023
0.679957
0.679891
0.679825
0.679759
0.679693
0.679628
0.679562
0.679496
0.679430
0.679364
0.679299
0.679233
0.679167
0.679102
0.679036
0.678970
0.678905
0.678839
0.678773
0.678708
0.678642
0.678576
0.678511
0.678445
0.678380
0.678314
0.678249
0.678183
0.678118
0.678052
0.677987
0.677921
0.677856
0.677790
0.677725
0.677659
0.677594
0.677529
0.677463
0.677398
0.677333
0.677267
0.677202
0.677137
0.677071
0.677006
0.676941
0.676876
0.676810
0.676745
0.676680
0.676615
0.676549
0.676484
0.676419
0.676354
0.676289
0.676224
0.676159
0.676093
0.676028
0.675963
0.675898
0.675833
0.675768
0.675703
0.675638
0.675573
0.675508
0.675443
0.675378
0.675313
0.675248
0.675183
0.675119
0.675054
0.674989
0.674924
0.674859
0.674794
0.674729
0.674665
0.674600
0.674535
0.674470
0.674405
0.674341
0.674276
0.674211
0.674147
0.674082
0.674017
0.673953
0.673888
0.673823
0.673759
0.673694
0.673629
0.673565
0.673500
0.673436
0.673371
0.673306
0.673242
0.673177
0.673113
0.673048
0.672984
0.672920
0.672855
0.672791
0.672726
0.672662
0.672597
0.672533
0.672469
0.672404
0.672340
0.672276
0.672211
0.672147
0.672083
0.672018
0.671954
0.671890
0.671826
0.671761
0.671697
0.671633
0.671569
0.671505
0.671440
0.671376
0.671312
0.671248
0.671184
0.671120
0.671056
0.670991
0.670927
0.670863
0.670799
0.670735
0.670671
0.670607
0.670543
0.670479
0.670415
0.670351
0.670287
0.670223
0.670160
0.670096
0.670032
0.669968
0.669904
0.669840
0.669776
0.669713
0.669649
0.669585
0.669521
0.669457
0.669394
0.669330
0.669266
0.669202
0.669139
0.669075
0.669011
0.668948
0.668884
0.668820
0.668757
0.668693
0.668629
0.668566
0.668502
0.668439
0.668375
0.668311
0.668248
0.668184
0.668121
0.668057
0.667994
0.667930
0.667867
0.667804
0.667740
0.667677
0.667613
0.667550
0.667486
0.667423
0.667360
0.667296
0.667233
0.667170
0.667106
0.667043
0.666980
0.666916
0.666853
0.666790
0.666727
0.666664
0.666600
0.666537
0.666474
0.666411
0.666348
0.666284
0.666221
0.666158
0.666095
0.666032
0.665969
0.665906
0.665843
0.665780
0.665717
0.665654
0.665591
0.665528
0.665465
0.665402
0.665339
0.665276
0.665213
0.665150
0.665087
0.665024
0.664961
0.664898
0.664835
0.664772
0.664710
0.664647
0.664584
0.664521
0.664458
0.664396
0.664333
0.664270
0.664207
0.664145
0.664082
0.664019
0.663956
0.663894
0.663831
0.663768
0.663706
0.663643
0.663581
0.663518
0.663455
0.663393
0.663330
0.663268
0.663205
0.663143
0.663080
0.663018
0.662955
0.662893
0.662830
0.662768
0.662705
0.662643
0.662580
0.662518
0.662456
0.662393
0.662331
0.662268
0.662206
0.662144
0.662081
0.662019
0.661957
0.661894
0.661832
0.661770
0.661708
0.661645
0.661583
0.661521
0.661459
0.661397
0.661334
0.661272
0.661210
0.661148
0.661086
0.661024
0.660962
0.660899
0.660837
0.660775
0.660713
0.660651
0.660589
0.660527
0.660465
0.660403
0.660341
0.660279
0.660217
0.660155
0.660093
0.660031
0.659969
0.659908
0.659846
0.659784
0.659722
0.659660
0.659598
0.659536
0.659475
0.659413
0.659351
0.659289
0.659227
0.659166
0.659104
0.659042
0.658980
0.658919
0.658857
0.658795
0.658734
0.658672
0.658610
0.658549
0.658487
0.658426
0.658364
0.658303
0.658242
0.658180
0.658119
0.658057
0.657996
0.657935
0.657873
0.657812
0.657750
0.657689
0.657628
0.657566
0.657505
0.657444
0.657383
0.657321
0.657260
0.657199
0.657137
0.657076
0.657015
0.656954
0.656893
0.656831
0.656770
0.656709
0.656648
0.656587
0.656525
0.656464
0.656403
0.656342
0.656281
0.656220
0.656159
0.656098
0.656037
0.655976
0.655915
0.655854
0.655793
0.655732
0.655671
0.655610
0.655549
0.655488
0.655427
0.655366
0.655305
0.655244
0.655183
0.655122
0.655061
0.655000
0.654939
0.654879
0.654818
0.654757
0.654696
0.654635
0.654574
0.654514
0.654453
0.654392
0.654331
0.654271
0.654210
0.654149
0.654088
0.654028
0.653967
0.653906
0.653846
0.653785
0.653724
0.653664
0.653603
0.653542
0.653482
0.653421
0.653361
0.653300
0.653239
0.653179
0.653118
0.653058
0.652997
0.652937
0.652876
0.652816
0.652755
0.652695
0.652634
0.652574
0.652513
0.652453
0.652393
0.652332
0.652272
0.652212
0.652151
0.652091
0.652030
0.651970
0.651910
0.651849
0.651789
0.651729
0.651669
0.651608
0.651548
0.651488
0.651428
0.651367
0.651307
0.651247
0.651187
0.651127
0.651066
0.651006
0.650946
0.650886
0.650826
0.650766
0.650706
0.650646
0.650586
0.650525
0.650465
0.650405
0.650345
0.650285
0.650225
0.650165
0.650105
0.650045
0.649985
0.649925
0.649865
0.649806
0.649746
0.649686
0.649626
0.649566
0.649506
0.649446
0.649386
0.649327
0.649267
0.649207
0.649147
0.649087
0.649027
0.648968
0.648908
0.648848
0.648788
0.648729
0.648669
0.648609
0.648550
0.648490
0.648430
0.648371
0.648311
0.648251
0.648192
0.648132
0.648072
0.648013
0.647953
0.647894
0.647834
0.647775
0.647715
0.647656
0.647596
0.647537
0.647477
0.647418
0.647358
0.647299
0.647239
0.647180
0.647120
0.647061
0.647001
0.646942
0.646883
0.646823
0.646764
0.646705
0.646645
0.646586
0.646527
0.646467
0.646408
0.646349
0.646289
0.646230
0.646171
0.646112
0.646052
0.645993
0.645934
0.645875
0.645816
0.645757
0.645697
0.645638
0.645579
0.645520
0.649780
0.653763
0.657506
0.661068
0.664492
0.667805
0.671029
0.674177
0.677261
0.680289
0.683268
0.686201
0.689094
0.691948
0.694768
0.697554
0.700309
0.703034
0.705730
0.708398
0.711040
0.713655
0.716245
0.718811
0.721352
0.723869
0.726363
0.728834
0.731282
0.733709
0.736113
0.738495
0.740856
0.743196
0.745515
0.747813
0.750090
0.752348
0.754585
0.756802
0.758999
0.761178
0.763336
0.765476
0.767596
0.769698
0.771781
0.773846
0.775892
0.777921
0.779931
0.781924
0.783899
0.785856
0.787796
0.789719
0.791625
0.793514
0.795386
0.797242
0.799081
0.800904
0.802711
0.804502
0.806277
0.808037
0.809781
0.811509
0.813222
0.814920
0.816603
0.818271
0.819924
0.821563
0.823187
0.824797
0.826393
0.827974
0.829541
0.831095
0.832635
0.834161
0.835674
0.837173
0.838659
0.840132
0.841592
0.843039
0.844473
0.845895
0.847304
0.848700
0.850084
0.851456
0.852816
0.854163
0.855499
0.856823
0.858135
0.859436
0.860725
0.862003
0.863269
0.864524
0.865768
0.867001
0.868224
0.869435
0.870636
0.871826
0.873005
0.874174
0.875333
0.876481
0.877620
0.878748
0.879866
0.880975
0.882073
0.883162
0.884241
0.885311
0.886371
0.887422
0.888463
0.889496
0.890519
0.891533
0.892538
0.893534
0.894522
0.895500
0.896471
0.897432
0.898385
0.899330
0.900266
0.901194
0.902113
0.903025
0.903928
0.904824
0.905711
0.906591
0.907463
0.908327
0.909184
0.910033
0.910874
0.911708
0.912535
0.913354
0.914166
0.914971
0.915769
0.916560
0.917344
0.918120
0.918890
0.919654
0.920410
0.921160
0.921903
0.922639
0.923369
0.924093
0.924810
0.925520
0.926225
0.926923
0.927615
0.928301
0.928981
0.929655
0.930323
0.930985
0.931641
0.932291
0.932936
0.933575
0.934208
0.934835
0.935458
0.936074
0.936685
0.937291
0.937891
0.938486
0.939076
0.939661
0.940240
0.940814
0.941383
0.941948
0.942507
0.943061
0.943610
0.944155
0.944694
0.945229
0.945759
0.946285
0.946805
0.947322
0.947833
0.948340
0.948843
0.949341
0.949835
0.950324
0.950809
0.951290
0.951766
0.952239
0.952707
0.953171
0.953631
0.954086
0.954538
0.954986
0.955430
0.955870
0.956306
0.956738
0.957166
0.957591
0.958011
0.958428
0.958842
0.959251
0.959657
0.960060
0.960459
0.960854
0.961246
0.961634
0.962019
0.962401
0.962779
0.963154
0.963526
0.963894
0.964259
0.964621
0.964979
0.965335
0.965687
0.966036
0.966382
0.966725
0.967065
0.967402
0.967736
0.968067
0.968395
0.968720
0.969042
0.969362
0.969679
0.969992
0.970303
0.970612
0.970917
0.971220
0.971520
0.971818
0.972113
0.972405
0.972695
0.972982
0.973266
0.973549
0.973828
0.974105
0.974380
0.974652
0.974922
0.975189
0.975454
0.975717
0.975978
0.976236
0.976492
0.976745
0.976996
0.977245
0.977492
0.977737
0.977980
0.978220
0.978458
0.978694
0.978928
0.979160
0.979390
0.979618
0.979844
0.980068
0.980290
0.980510
0.980728
0.980944
0.981158
0.981370
0.981581
0.981789
0.981996
0.982201
0.982404
0.982605
0.982805
0.983002
0.983198
0.983393
0.983585
0.983776
0.983965
0.984152
0.984338
0.984522
0.984705
0.984886
0.985065
0.985243
0.985419
0.985594
0.985767
0.985938
0.986108
0.986277
0.986444
0.986609
0.986773
0.986936
0.987097
0.987257
0.987415
0.987572
0.987727
0.987882
0.988034
0.988186
0.988336
0.988485
0.988632
0.988778
0.988923
0.989067
0.989209
0.989350
0.989490
0.989628
0.989766
0.989902
0.990037
0.990171
0.990303
0.990435
0.990565
0.990694
0.990822
0.990949
0.991074
0.991199
0.991322
0.991445
0.991566
0.991686
0.991805
0.991923
0.992040
0.992156
0.992271
0.992385
0.992498
0.992610
0.992721
0.992831
0.992940
0.993048
0.993155
0.993261
0.993367
0.993471
0.993574
0.993677
0.993778
0.993879
0.993979
0.994078
0.994175
0.994273
0.994369
0.994464
0.994559
0.994653
0.994745
0.994838
0.994929
0.995019
0.995109
0.995198
0.995286
0.995373
0.995460
0.995546
0.995631
0.995715
0.995798
0.995881
0.995963
0.996044
0.996125
0.996205
0.996284
0.996363
0.996440
0.996517
0.996594
0.996670
0.996745
0.996819
0.996893
0.996966
0.997038
0.997110
0.997181
0.997252
0.997322
0.997391
0.997460
0.997528
0.997595
0.997662
0.997728
0.997794
0.997859
0.997924
0.997988
0.998051
0.998114
0.998176
0.998238
0.998299
0.998360
0.998420
0.998480
0.998539
0.998597
0.998655
0.998713
0.998770
0.998826
0.998882
0.998938
0.998993
0.999047
0.999101
0.999155
0.999208
0.999260
0.999313
0.999364
0.999415
0.999466
0.999517
0.999566
0.999616
0.999665
0.999714
0.999762
0.999809
0.999857
0.999904
0.999950
0.999996
1.000042
1.000087
1.000132
1.000176
1.000220
1.000264
1.000307
1.000350
1.000393
1.000435
1.000477
1.000518
1.000559
1.000600
1.000640
1.000680
1.000719
1.000759
1.000798
1.000836
1.000874
1.000912
1.000950
1.000987
1.001024
1.001060
1.001097
1.001133
1.001168
1.001203
1.001238
1.001273
1.001307
1.001342
1.001375
1.001409
1.001442
1.001475
1.001507
1.001540
1.001572
1.001603
1.001635
1.001666
1.001697
1.001727
1.001758
1.001788
1.001818
1.001847
1.001876
1.001905
1.001934
1.001963
1.001991
1.002019
1.002047
1.002074
1.002101
1.002129
1.002155
1.002182
1.002208
1.002234
1.002260
1.002286
1.002311
1.002336
1.002361
1.002386
1.002411
1.002435
1.002459
1.002483
1.002506
1.002530
1.002553
1.002576
1.002599
1.002622
1.002644
1.002666
1.002688
1.002710
1.002732
1.002753
1.002775
1.002796
1.002816
1.002837
1.002858
1.002878
1.002898
1.002918
1.002938
1.002958
1.002977
1.002996
1.003016
1.003034
1.003053
1.003072
1.003090
1.003109
1.003127
1.003145
1.003163
1.003180
1.003198
1.003215
1.003232
1.003249
1.003266
1.003283
1.003299
1.003316
1.003332
1.003348
1.003364
1.003380
1.003396
1.003412
1.003427
1.003442
1.003457
1.003473
1.003487
1.003502
1.003517
1.003531
1.003546
1.003560
1.003574
1.003588
1.003602
1.003616
1.003629
1.003643
1.003656
1.003670
1.003683
1.003696
1.003709
1.003722
1.003734
1.003747
1.003759
1.003772
1.003784
1.003796
1.003808
1.003820
1.003832
1.003844
1.003855
1.003867
1.003878
1.003890
1.003901
1.003912
1.003923
1.003934
1.003945
1.003956
1.003966
1.003977
1.003987
1.003998
1.004008
1.004018
1.004028
1.004038
1.004048
1.004058
1.004068
1.004077
1.004087
1.004096
1.004106
1.004115
1.004124
1.004134
1.004143
1.004152
1.004161
1.004169
1.004178
1.004187
1.004195
1.004204
1.004212
1.004221
1.004229
1.004237
1.004245
1.004254
1.004262
1.004269
1.004277
1.004285
1.004293
1.004301
1.004308
1.004316
1.004323
1.004331
1.004338
1.004345
1.004352
1.004360
1.004367
1.004374
1.004381
1.004387
1.004394
1.004401
1.004408
1.004414
1.004421
1.004428
1.004434
1.004440
1.004447
1.004453
1.004459
1.004466
1.004472
1.004478
1.004484
1.004490
1.004496
1.004502
1.004508
1.004513
1.004519
1.004525
1.004530
1.004536
1.004541
1.004547
1.004552
1.004558
1.004563
1.004568
1.004574
1.004579
1.004584
1.004589
1.004594
1.004599
1.004604
1.004609
1.004614
1.004619
1.004623
1.004628
1.004633
1.004638
1.004642
1.004647
1.004651
1.004656
1.004660
1.004665
1.004669
1.004674
1.004678
1.004682
1.004686
1.004691
1.004695
1.004699
1.004703
1.004707
1.004711
1.004715
1.004719
1.004723
1.004727
1.004731
1.004734
1.004738
1.004742
1.004746
1.004749
1.004753
1.004757
1.004760
1.004764
1.004767
1.004771
1.004774
1.004778
1.004781
1.004784
1.004788
1.004791
1.004794
1.004797
1.004801
1.004804
1.004807
1.004810
1.004813
1.004816
1.004819
1.004822
1.004825
1.004828
1.004831
1.004834
1.004837
1.004840
1.004843
1.004846
1.004849
1.004851
1.004854
1.004857
1.004860
1.004862
1.004865
1.004867
1.004870
1.004873
1.004875
1.004878
1.004880
1.004883
1.004885
1.004888
1.004890
1.004893
1.004895
1.004897
1.004900
1.004902
1.004904
1.004907
1.004909
1.004911
1.004913
1.004916
1.004918
1.004920
1.004922
1.004924
1.004926
1.004928
1.004930
1.004932
1.004934
1.004937
1.004939
1.004941
1.004942
1.004944
1.004946
1.004948
1.004950
1.004952
1.004954
1.004956
1.004958
1.004959
1.004961
1.004963
1.004965
1.004967
1.004968
1.004970
1.004972
1.004973
1.004975
1.004977
1.004978
1.004980
1.004982
1.004983
1.004985
1.004986
1.004988
1.004990
1.004991
1.004993
1.004994
1.004996
1.004997
1.004999
1.005000
1.005001
1.005003
1.005004
1.005006
1.005007
1.005009
1.005010
1.005011
1.005013
1.005014
1.005015
1.005017
1.005018
1.005019
1.005020
1.005022
1.005023
1.005024
1.005025
1.005027
1.005028
1.005029
1.005030
1.005031
1.005033
1.005034
1.005035
1.005036
1.005037
1.005038
1.005039
1.005041
1.005042
1.005043
1.005044
1.005045
1.005046
1.005047
1.005048
1.005049
1.005050
1.005051
1.005052
1.005053
1.005054
1.005055
1.005056
1.005057
1.005058
1.005059
1.005060
1.005061
1.005062
1.005063
1.005063
1.005064
1.005065
1.005066
1.005067
1.005068
1.005069
1.005070
1.005070
1.005071
1.005072
1.005073
1.005074
1.005075
1.005075
1.005076
1.005077
1.005078
1.005078
1.005079
1.005080
1.005081
1.005082
1.005082
1.005083
1.005084
1.005084
1.005085
1.005086
1.005087
1.005087
1.005088
1.005089
1.005089
1.005090
1.005091
1.005091
1.005092
1.005093
1.005093
1.005094
1.005095
1.005095
1.005096
1.005096
1.005097
1.005098
1.005098
1.005099
1.005099
1.005100
1.005101
1.005101
1.005102
1.005102
1.005103
1.005103
1.005104
1.005105
1.005105
1.005106
1.005106
1.005107
1.005107
1.005108
1.005108
1.005109
1.005109
1.005110
1.005110
1.005111
1.005111
1.005112
1.005112
1.005113
1.005113
1.005114
1.005114
1.005115
1.005115
